descriptor param fitness0 fitness0_abs fitness0_sqr fitness1 fitness1_abs fitness1_sqr value44 value76 value90 value105 value131 value137 value189 value201 value276 value280 value284 value286 value294 value307 value308 value353 value574 value615 value677 value679 value698 value755
"fitness0" 1 1 1 -0.463375 0.463375 0.214716 0.396846 0.413627 0.367728 0.40539 0.412032 0.440236 0.365503 0.417191 0.382607 0.365828 0.43854 0.429407 0.463206 0.32908 0.461811 0.288202 0.317586 0.331005 0.332452 0.392257 0.385671 0.397755
"fitness1" -0.463375 0.463375 0.214716 1 1 1 21.3409 19.5134 23.0123 20.7988 20.36 17.2253 27.2309 18.6681 22.714 26.1053 17.3824 17.5045 17.151 31.6478 17.1623 35.8307 33.3958 29.6293 29.2478 21.9306 22.0119 21.0338
"WB.CA" 0.0285366 0.0285366 0.000814337 -0.195384 0.195384 0.0381751 0.995797 0.999658 0.998167 0.998958 0.926278 0.631901 0.328735 0.746806 0.283723 0.5312 0.261567 0.634227 0.910781 0.0262924 0.998122 0.0029138 0.119706 0.319427 0.441375 0.605772 0.338842 0.655445
"WB.FA" 0.331558 0.331558 0.109931 -0.145323 0.145323 0.0211188 0.0946415 0.0211687 0.000599483 0.000683299 0.00236077 0.98306 0.00438327 0.0125997 0.132325 0.00501483 0.00265789 0.0188137 0.997975 0.476071 0.961521 0.302708 0.175743 0.873421 0.872544 0.908798 0.0152564 0.892006
"WB.FH" 0.219614 0.219614 0.0482304 0.49779 0.49779 0.247795 0.0178412 0.00133276 0.000184442 0.0021015 0.00993984 0.000448205 0.000870054 5.64711e-05 0.000152962 0.000338596 0.00799464 0.00380327 0.000715205 0.00394898 0.00138653 0.00372057 0.0111988 0.000665776 0.00231316 0.00151317 0.00214126 6.71047e-05
"WB.FW" 0.476084 0.476084 0.226656 0.0324082 0.0324082 0.00105029 0.00702638 0.00109145 7.09099e-05 0.00268975 0.000939243 0.00181676 0.00986255 9.47134e-05 0.000392497 0.00720247 0.000956441 0.000957085 0.455968 0.778591 0.452066 0.0108609 0.0131517 0.00753109 0.00780857 0.00552702 0.00534597 0.0123762
"WB.P" 0.170944 0.170944 0.0292219 0.641392 0.641392 0.411383 0.000423061 7.37536e-05 0.000222366 0.00172564 0.00122655 0.000266304 0.00010278 3.67526e-06 5.83019e-05 0.0159795 0.00104972 1.51702e-05 0.00032243 0.00695773 0.000159002 0.000238112 0.0226732 0.00321704 0.00118001 0.00106797 0.0021461 0.00888167
"WB.SD" 0.452967 0.452967 0.205179 -0.519658 0.519658 0.270044 0.439844 0.631045 0.467987 0.999322 0.515195 0.795207 0.326706 0.488374 0.418117 0.411477 0.79291 0.585956 0.641384 0.107497 0.50457 0.117639 0.0970899 0.0440654 0.0179263 0.388992 0.466724 0.469753
"WB.SH" -0.23403 0.23403 0.05477 0.243207 0.243207 0.0591497 0.00573394 0.630581 0.540848 0.999315 0.720842 0.000299771 0.998193 0.222139 0.000221627 0.988726 0.000736773 0.00307099 0.00086014 0.100277 0.00133268 0.471652 0.644726 0.130148 0.125946 0.0217114 0.0220362 0.00976265
